//Frame 1
//Greifen
[ 10, 118, 21, 50, 16, 16 ]
[ 9, 174, 21, 50, -7, 16 ]
//Zoryavia
[ 38, 118, 21, 50, 16, 16 ]
[ 37, 174, 21, 50, -7, 16 ]
//Roncevalie
[ 65, 118, 21, 50, 16, 16 ]
[ 64, 174, 21, 50, -7, 16 ]
//Dobrawia
[ 93, 118, 21, 50, 16, 16 ]
[ 92, 174, 21, 50, -7, 16 ]
//Halezeeland
[ 121, 118, 21, 50, 16, 16 ]
[ 120, 174, 21, 50, -7, 16 ]
//Avalon
[ 149, 118, 21, 50, 16, 16 ]
[ 148, 174, 21, 50, -7, 16 ]
//Tir Earnhain
[ 177, 118, 21, 50, 16, 16 ]
[ 176, 174, 21, 50, -7, 16 ]
//Strathcairn
[ 205, 118, 23, 50, 16, 16 ]
[ 204, 174, 23, 50, -7, 16 ]
//Tartesia
[ 235, 118, 21, 50, 16, 16 ]
[ 234, 174, 21, 50, -7, 16 ]
//Gnomish Hierarchy
[ 263, 118, 21, 50, 16, 16 ]
[ 262, 174, 21, 50, -7, 16 ]
//Dunwald
[ 291, 116), 21, 52, 16, 14 ]
[ 290, 172, 21, 52, -7, 14 ]
//Nascenca
[ 319, 118, 21, 50, 16, 16 ]
[ 318, 174, 21, 50, -7, 16 ]
//Oberthal
[ 347, 118, 21, 50, 16, 16 ]
[ 346, 174, 21, 50, -7, 16 ]
//Kormeny
[ 375, 118, 21, 50, 16, 16 ]
[ 374, 174, 21, 50, -7, 16 ]
//Storalv Union
[ 403, 118, 21, 50, 16, 16 ]
[ 402, 174, 21, 50, -7, 16 ]
//Cucuteni
[ 431, 118, 24, 52, 17, 16 ]
[ 430, 174, 24, 52, -8, 16 ]
//Vardamaa
[ 461, 118, 21, 50, 16, 16 ]
[ 460, 174, 21, 50, -7, 16 ]
//Frame 2
//Greifen
[ 10, 232, 21, 50, 16, 16 ]
[ 9, 288, 21, 50, -7, 16 ]
//Zoryavia
[ 38, 232, 21, 50, 16, 16 ]
[ 37, 288, 21, 50, -7, 16 ]
//Roncevalie
[ 65, 232, 21, 50, 16, 16 ]
[ 64, 288, 21, 50, -7, 16 ]
//Dobrawia
[ 93, 232, 21, 50, 16, 16 ]
[ 92, 288, 21, 50, -7, 16 ]
//Halezeeland
[ 121, 232, 21, 50, 16, 16 ]
[ 120, 288, 21, 50, -7, 16 ]
//Avalon
[ 149, 232, 21, 50, 16, 16 ]
[ 148, 288, 21, 50, -7, 16 ]
//Tir Earnhain
[ 177, 232, 21, 50, 16, 16 ]
[ 176, 288, 21, 50, -7, 16 ]
//Strathcairn
[ 205, 232, 23, 50, 16, 16 ]
[ 204, 288, 23, 50, -7, 16 ]
//Tartesia
[ 235, 232, 21, 50, 16, 16 ]
[ 234, 288, 21, 50, -7, 16 ]
//Gnomish Hierarchy
[ 263, 232, 21, 50, 16, 16 ]
[ 262, 288, 21, 50, -7, 16 ]
//Dunwald
[ 291, 230), 21, 52, 16, 14 ]
[ 290, 286, 21, 52, -7, 14 ]
//Nascenca
[ 319, 232, 21, 50, 16, 16 ]
[ 318, 288, 21, 50, -7, 16 ]
//Oberthal
[ 347, 232, 21, 50, 16, 16 ]
[ 346, 288, 21, 50, -7, 16 ]
//Kormeny
[ 375, 232, 21, 50, 16, 16 ]
[ 374, 288, 21, 50, -7, 16 ]
//Storalv Union
[ 403, 232, 21, 50, 16, 16 ]
[ 402, 288, 21, 50, -7, 16 ]
//Cucuteni
[ 431, 232, 24, 52, 17, 16 ]
[ 430, 288, 24, 52, -8, 16 ]
//Vardamaa
[ 461, 232, 21, 50, 16, 16 ]
[ 460, 288, 21, 50, -7, 16 ]
//Frame 3
//Greifen
[ 10, 346, 21, 50, 16, 16 ]
[ 9, 402, 21, 50, -7, 16 ]
//Zoryavia
[ 38, 346, 21, 50, 16, 16 ]
[ 37, 402, 21, 50, -7, 16 ]
//Roncevalie
[ 65, 346, 21, 50, 16, 16 ]
[ 64, 402, 21, 50, -7, 16 ]
//Dobrawia
[ 93, 346, 21, 50, 16, 16 ]
[ 92, 402, 21, 50, -7, 16 ]
//Halezeeland
[ 121, 346, 21, 50, 16, 16 ]
[ 120, 402, 21, 50, -7, 16 ]
//Avalon
[ 149, 346, 21, 50, 16, 16 ]
[ 148, 402, 21, 50, -7, 16 ]
//Tir Earnhain
[ 177, 346, 21, 50, 16, 16 ]
[ 176, 402, 21, 50, -7, 16 ]
//Strathcairn
[ 205, 346, 23, 50, 16, 16 ]
[ 204, 402, 23, 50, -7, 16 ]
//Tartesia
[ 235, 346, 21, 50, 16, 16 ]
[ 234, 402, 21, 50, -7, 16 ]
//Gnomish Hierarchy
[ 263, 346, 21, 50, 16, 16 ]
[ 262, 402, 21, 50, -7, 16 ]
//Dunwald
[ 291, 344), 21, 52, 16, 14 ]
[ 290, 400, 21, 52, -7, 14 ]
//Nascenca
[ 319, 346, 21, 50, 16, 16 ]
[ 318, 402, 21, 50, -7, 16 ]
//Oberthal
[ 347, 346, 21, 50, 16, 16 ]
[ 346, 402, 21, 50, -7, 16 ]
//Kormeny
[ 375, 346, 21, 50, 16, 16 ]
[ 374, 402, 21, 50, -7, 16 ]
//Storalv Union
[ 403, 346, 21, 50, 16, 16 ]
[ 402, 402, 21, 50, -7, 16 ]
//Cucuteni
[ 431, 346, 24, 52, 17, 16 ]
[ 430, 402, 24, 52, -8, 16 ]
//Vardamaa
[ 461, 346, 21, 50, 16, 16 ]
[ 460, 402, 21, 50, -7, 16 ]
//Frame 4
//Greifen
[ 10, 460, 21, 50, 16, 16 ]
[ 9, 516, 21, 50, -7, 16 ]
//Zoryavia
[ 38, 460, 21, 50, 16, 16 ]
[ 37, 516, 21, 50, -7, 16 ]
//Roncevalie
[ 65, 460, 21, 50, 16, 16 ]
[ 64, 516, 21, 50, -7, 16 ]
//Dobrawia
[ 93, 460, 21, 50, 16, 16 ]
[ 92, 516, 21, 50, -7, 16 ]
//Halezeeland
[ 121, 460, 21, 50, 16, 16 ]
[ 120, 516, 21, 50, -7, 16 ]
//Avalon
[ 149, 460, 21, 50, 16, 16 ]
[ 148, 516, 21, 50, -7, 16 ]
//Tir Earnhain
[ 177, 460, 21, 50, 16, 16 ]
[ 176, 516, 21, 50, -7, 16 ]
//Strathcairn
[ 205, 460, 23, 50, 16, 16 ]
[ 204, 516, 23, 50, -7, 16 ]
//Tartesia
[ 235, 460, 21, 50, 16, 16 ]
[ 234, 516, 21, 50, -7, 16 ]
//Gnomish Hierarchy
[ 263, 460, 21, 50, 16, 16 ]
[ 262, 516, 21, 50, -7, 16 ]
//Dunwald
[ 291, 458), 21, 52, 16, 14 ]
[ 290, 514, 21, 52, -7, 14 ]
//Nascenca
[ 319, 460, 21, 50, 16, 16 ]
[ 318, 516, 21, 50, -7, 16 ]
//Oberthal
[ 347, 460, 21, 50, 16, 16 ]
[ 346, 516, 21, 50, -7, 16 ]
//Kormeny
[ 375, 460, 21, 50, 16, 16 ]
[ 374, 516, 21, 50, -7, 16 ]
//Storalv Union
[ 403, 460, 21, 50, 16, 16 ]
[ 402, 516, 21, 50, -7, 16 ]
//Cucuteni
[ 431, 460, 24, 52, 17, 16 ]
[ 430, 516, 24, 52, -8, 16 ]
//Vardamaa
[ 461, 460, 21, 50, 16, 16 ]
[ 460, 516, 21, 50, -7, 16 ]
//Frame 5
//Greifen
[ 10, 574, 21, 50, 16, 16 ]
[ 9, 630, 21, 50, -7, 16 ]
//Zoryavia
[ 38, 574, 21, 50, 16, 16 ]
[ 37, 630, 21, 50, -7, 16 ]
//Roncevalie
[ 65, 574, 21, 50, 16, 16 ]
[ 64, 630, 21, 50, -7, 16 ]
//Dobrawia
[ 93, 574, 21, 50, 16, 16 ]
[ 92, 630, 21, 50, -7, 16 ]
//Halezeeland
[ 121, 574, 21, 50, 16, 16 ]
[ 120, 630, 21, 50, -7, 16 ]
//Avalon
[ 149, 574, 21, 50, 16, 16 ]
[ 148, 630, 21, 50, -7, 16 ]
//Tir Earnhain
[ 177, 574, 21, 50, 16, 16 ]
[ 176, 630, 21, 50, -7, 16 ]
//Strathcairn
[ 205, 574, 23, 50, 16, 16 ]
[ 204, 630, 23, 50, -7, 16 ]
//Tartesia
[ 235, 574, 21, 50, 16, 16 ]
[ 234, 630, 21, 50, -7, 16 ]
//Gnomish Hierarchy
[ 263, 574, 21, 50, 16, 16 ]
[ 262, 630, 21, 50, -7, 16 ]
//Dunwald
[ 291, 572), 21, 52, 16, 14 ]
[ 290, 628, 21, 52, -7, 14 ]
//Nascenca
[ 319, 574, 21, 50, 16, 16 ]
[ 318, 630, 21, 50, -7, 16 ]
//Oberthal
[ 347, 574, 21, 50, 16, 16 ]
[ 346, 630, 21, 50, -7, 16 ]
//Kormeny
[ 375, 574, 21, 50, 16, 16 ]
[ 374, 630, 21, 50, -7, 16 ]
//Storalv Union
[ 403, 574, 21, 50, 16, 16 ]
[ 402, 630, 21, 50, -7, 16 ]
//Cucuteni
[ 431, 574, 24, 52, 17, 16 ]
[ 430, 630, 24, 52, -8, 16 ]
//Vardamaa
[ 461, 574, 21, 50, 16, 16 ]
[ 460, 630, 21, 50, -7, 16 ]
//Frame 6
//Greifen
[ 10, 688, 21, 50, 16, 16 ]
[ 9, 744, 21, 50, -7, 16 ]
//Zoryavia
[ 38, 688, 21, 50, 16, 16 ]
[ 37, 744, 21, 50, -7, 16 ]
//Roncevalie
[ 65, 688, 21, 50, 16, 16 ]
[ 64, 744, 21, 50, -7, 16 ]
//Dobrawia
[ 93, 688, 21, 50, 16, 16 ]
[ 92, 744, 21, 50, -7, 16 ]
//Halezeeland
[ 121, 688, 21, 50, 16, 16 ]
[ 120, 744, 21, 50, -7, 16 ]
//Avalon
[ 149, 688, 21, 50, 16, 16 ]
[ 148, 744, 21, 50, -7, 16 ]
//Tir Earnhain
[ 177, 688, 21, 50, 16, 16 ]
[ 176, 744, 21, 50, -7, 16 ]
//Strathcairn
[ 205, 688, 23, 50, 16, 16 ]
[ 204, 744, 23, 50, -7, 16 ]
//Tartesia
[ 235, 688, 21, 50, 16, 16 ]
[ 234, 744, 21, 50, -7, 16 ]
//Gnomish Hierarchy
[ 263, 688, 21, 50, 16, 16 ]
[ 262, 744, 21, 50, -7, 16 ]
//Dunwald
[ 291, 686), 21, 52, 16, 14 ]
[ 290, 742, 21, 52, -7, 14 ]
//Nascenca
[ 319, 688, 21, 50, 16, 16 ]
[ 318, 744, 21, 50, -7, 16 ]
//Oberthal
[ 347, 688, 21, 50, 16, 16 ]
[ 346, 744, 21, 50, -7, 16 ]
//Kormeny
[ 375, 688, 21, 50, 16, 16 ]
[ 374, 744, 21, 50, -7, 16 ]
//Storalv Union
[ 403, 688, 21, 50, 16, 16 ]
[ 402, 744, 21, 50, -7, 16 ]
//Cucuteni
[ 431, 688, 24, 52, 17, 16 ]
[ 430, 744, 24, 52, -8, 16 ]
//Vardamaa
[ 461, 688, 21, 50, 16, 16 ]
[ 460, 744, 21, 50, -7, 16 ]
//Frame 7
//Greifen
[ 10, 802, 21, 50, 16, 16 ]
[ 9, 858, 21, 50, -7, 16 ]
//Zoryavia
[ 38, 802, 21, 50, 16, 16 ]
[ 37, 858, 21, 50, -7, 16 ]
//Roncevalie
[ 65, 802, 21, 50, 16, 16 ]
[ 64, 858, 21, 50, -7, 16 ]
//Dobrawia
[ 93, 802, 21, 50, 16, 16 ]
[ 92, 858, 21, 50, -7, 16 ]
//Halezeeland
[ 121, 802, 21, 50, 16, 16 ]
[ 120, 858, 21, 50, -7, 16 ]
//Avalon
[ 149, 802, 21, 50, 16, 16 ]
[ 148, 858, 21, 50, -7, 16 ]
//Tir Earnhain
[ 177, 802, 21, 50, 16, 16 ]
[ 176, 858, 21, 50, -7, 16 ]
//Strathcairn
[ 205, 802, 23, 50, 16, 16 ]
[ 204, 858, 23, 50, -7, 16 ]
//Tartesia
[ 235, 802, 21, 50, 16, 16 ]
[ 234, 858, 21, 50, -7, 16 ]
//Gnomish Hierarchy
[ 263, 802, 21, 50, 16, 16 ]
[ 262, 858, 21, 50, -7, 16 ]
//Dunwald
[ 291, 800), 21, 52, 16, 14 ]
[ 290, 856, 21, 52, -7, 14 ]
//Nascenca
[ 319, 802, 21, 50, 16, 16 ]
[ 318, 858, 21, 50, -7, 16 ]
//Oberthal
[ 347, 802, 21, 50, 16, 16 ]
[ 346, 858, 21, 50, -7, 16 ]
//Kormeny
[ 375, 802, 21, 50, 16, 16 ]
[ 374, 858, 21, 50, -7, 16 ]
//Storalv Union
[ 403, 802, 21, 50, 16, 16 ]
[ 402, 858, 21, 50, -7, 16 ]
//Cucuteni
[ 431, 802, 24, 52, 17, 16 ]
[ 430, 858, 24, 52, -8, 16 ]
//Vardamaa
[ 461, 802, 21, 50, 16, 16 ]
[ 460, 858, 21, 50, -7, 16 ]
//Frame 8
//Greifen
[ 10, 916, 21, 50, 16, 16 ]
[ 9, 972, 21, 50, -7, 16 ]
//Zoryavia
[ 38, 916, 21, 50, 16, 16 ]
[ 37, 972, 21, 50, -7, 16 ]
//Roncevalie
[ 65, 916, 21, 50, 16, 16 ]
[ 64, 972, 21, 50, -7, 16 ]
//Dobrawia
[ 93, 916, 21, 50, 16, 16 ]
[ 92, 972, 21, 50, -7, 16 ]
//Halezeeland
[ 121, 916, 21, 50, 16, 16 ]
[ 120, 972, 21, 50, -7, 16 ]
//Avalon
[ 149, 916, 21, 50, 16, 16 ]
[ 148, 972, 21, 50, -7, 16 ]
//Tir Earnhain
[ 177, 916, 21, 50, 16, 16 ]
[ 176, 972, 21, 50, -7, 16 ]
//Strathcairn
[ 205, 916, 23, 50, 16, 16 ]
[ 204, 972, 23, 50, -7, 16 ]
//Tartesia
[ 235, 916, 21, 50, 16, 16 ]
[ 234, 972, 21, 50, -7, 16 ]
//Gnomish Hierarchy
[ 263, 916, 21, 50, 16, 16 ]
[ 262, 972, 21, 50, -7, 16 ]
//Dunwald
[ 291, 914), 21, 52, 16, 14 ]
[ 290, 970, 21, 52, -7, 14 ]
//Nascenca
[ 319, 916, 21, 50, 16, 16 ]
[ 318, 972, 21, 50, -7, 16 ]
//Oberthal
[ 347, 916, 21, 50, 16, 16 ]
[ 346, 972, 21, 50, -7, 16 ]
//Kormeny
[ 375, 916, 21, 50, 16, 16 ]
[ 374, 972, 21, 50, -7, 16 ]
//Storalv Union
[ 403, 916, 21, 50, 16, 16 ]
[ 402, 972, 21, 50, -7, 16 ]
//Cucuteni
[ 431, 916, 24, 52, 17, 16 ]
[ 430, 972, 24, 52, -8, 16 ]
//Vardamaa
[ 461, 916, 21, 50, 16, 16 ]
[ 460, 972, 21, 50, -7, 16 ]
//Frame 9
//Greifen
[ 10, 1030, 21, 50, 16, 16 ]
[ 9, 1086, 21, 50, -7, 16 ]
//Zoryavia
[ 38, 1030, 21, 50, 16, 16 ]
[ 37, 1086, 21, 50, -7, 16 ]
//Roncevalie
[ 65, 1030, 21, 50, 16, 16 ]
[ 64, 1086, 21, 50, -7, 16 ]
//Dobrawia
[ 93, 1030, 21, 50, 16, 16 ]
[ 92, 1086, 21, 50, -7, 16 ]
//Halezeeland
[ 121, 1030, 21, 50, 16, 16 ]
[ 120, 1086, 21, 50, -7, 16 ]
//Avalon
[ 149, 1030, 21, 50, 16, 16 ]
[ 148, 1086, 21, 50, -7, 16 ]
//Tir Earnhain
[ 177, 1030, 21, 50, 16, 16 ]
[ 176, 1086, 21, 50, -7, 16 ]
//Strathcairn
[ 205, 1030, 23, 50, 16, 16 ]
[ 204, 1086, 23, 50, -7, 16 ]
//Tartesia
[ 235, 1030, 21, 50, 16, 16 ]
[ 234, 1086, 21, 50, -7, 16 ]
//Gnomish Hierarchy
[ 263, 1030, 21, 50, 16, 16 ]
[ 262, 1086, 21, 50, -7, 16 ]
//Dunwald
[ 291, 1028), 21, 52, 16, 14 ]
[ 290, 1084, 21, 52, -7, 14 ]
//Nascenca
[ 319, 1030, 21, 50, 16, 16 ]
[ 318, 1086, 21, 50, -7, 16 ]
//Oberthal
[ 347, 1030, 21, 50, 16, 16 ]
[ 346, 1086, 21, 50, -7, 16 ]
//Kormeny
[ 375, 1030, 21, 50, 16, 16 ]
[ 374, 1086, 21, 50, -7, 16 ]
//Storalv Union
[ 403, 1030, 21, 50, 16, 16 ]
[ 402, 1086, 21, 50, -7, 16 ]
//Cucuteni
[ 431, 1030, 24, 52, 17, 16 ]
[ 430, 1086, 24, 52, -8, 16 ]
//Vardamaa
[ 461, 1030, 21, 50, 16, 16 ]
[ 460, 1086, 21, 50, -7, 16 ]
//Frame 10
//Greifen
[ 10, 1144, 21, 50, 16, 16 ]
[ 9, 1200, 21, 50, -7, 16 ]
//Zoryavia
[ 38, 1144, 21, 50, 16, 16 ]
[ 37, 1200, 21, 50, -7, 16 ]
//Roncevalie
[ 65, 1144, 21, 50, 16, 16 ]
[ 64, 1200, 21, 50, -7, 16 ]
//Dobrawia
[ 93, 1144, 21, 50, 16, 16 ]
[ 92, 1200, 21, 50, -7, 16 ]
//Halezeeland
[ 121, 1144, 21, 50, 16, 16 ]
[ 120, 1200, 21, 50, -7, 16 ]
//Avalon
[ 149, 1144, 21, 50, 16, 16 ]
[ 148, 1200, 21, 50, -7, 16 ]
//Tir Earnhain
[ 177, 1144, 21, 50, 16, 16 ]
[ 176, 1200, 21, 50, -7, 16 ]
//Strathcairn
[ 205, 1144, 23, 50, 16, 16 ]
[ 204, 1200, 23, 50, -7, 16 ]
//Tartesia
[ 235, 1144, 21, 50, 16, 16 ]
[ 234, 1200, 21, 50, -7, 16 ]
//Gnomish Hierarchy
[ 263, 1144, 21, 50, 16, 16 ]
[ 262, 1200, 21, 50, -7, 16 ]
//Dunwald
[ 291, 1142), 21, 52, 16, 14 ]
[ 290, 1198, 21, 52, -7, 14 ]
//Nascenca
[ 319, 1144, 21, 50, 16, 16 ]
[ 318, 1200, 21, 50, -7, 16 ]
//Oberthal
[ 347, 1144, 21, 50, 16, 16 ]
[ 346, 1200, 21, 50, -7, 16 ]
//Kormeny
[ 375, 1144, 21, 50, 16, 16 ]
[ 374, 1200, 21, 50, -7, 16 ]
//Storalv Union
[ 403, 1144, 21, 50, 16, 16 ]
[ 402, 1200, 21, 50, -7, 16 ]
//Cucuteni
[ 431, 1144, 24, 52, 17, 16 ]
[ 430, 1200, 24, 52, -8, 16 ]
//Vardamaa
[ 461, 1144, 21, 50, 16, 16 ]
[ 460, 1200, 21, 50, -7, 16 ]
//Frame 11
//Greifen
[ 10, 1258, 21, 50, 16, 16 ]
[ 9, 1314, 21, 50, -7, 16 ]
//Zoryavia
[ 38, 1258, 21, 50, 16, 16 ]
[ 37, 1314, 21, 50, -7, 16 ]
//Roncevalie
[ 65, 1258, 21, 50, 16, 16 ]
[ 64, 1314, 21, 50, -7, 16 ]
//Dobrawia
[ 93, 1258, 21, 50, 16, 16 ]
[ 92, 1314, 21, 50, -7, 16 ]
//Halezeeland
[ 121, 1258, 21, 50, 16, 16 ]
[ 120, 1314, 21, 50, -7, 16 ]
//Avalon
[ 149, 1258, 21, 50, 16, 16 ]
[ 148, 1314, 21, 50, -7, 16 ]
//Tir Earnhain
[ 177, 1258, 21, 50, 16, 16 ]
[ 176, 1314, 21, 50, -7, 16 ]
//Strathcairn
[ 205, 1258, 23, 50, 16, 16 ]
[ 204, 1314, 23, 50, -7, 16 ]
//Tartesia
[ 235, 1258, 21, 50, 16, 16 ]
[ 234, 1314, 21, 50, -7, 16 ]
//Gnomish Hierarchy
[ 263, 1258, 21, 50, 16, 16 ]
[ 262, 1314, 21, 50, -7, 16 ]
//Dunwald
[ 291, 1256), 21, 52, 16, 14 ]
[ 290, 1312, 21, 52, -7, 14 ]
//Nascenca
[ 319, 1258, 21, 50, 16, 16 ]
[ 318, 1314, 21, 50, -7, 16 ]
//Oberthal
[ 347, 1258, 21, 50, 16, 16 ]
[ 346, 1314, 21, 50, -7, 16 ]
//Kormeny
[ 375, 1258, 21, 50, 16, 16 ]
[ 374, 1314, 21, 50, -7, 16 ]
//Storalv Union
[ 403, 1258, 21, 50, 16, 16 ]
[ 402, 1314, 21, 50, -7, 16 ]
//Cucuteni
[ 431, 1258, 24, 52, 17, 16 ]
[ 430, 1314, 24, 52, -8, 16 ]
//Vardamaa
[ 461, 1258, 21, 50, 16, 16 ]
[ 460, 1314, 21, 50, -7, 16 ]
//Frame 12
//Greifen
[ 10, 1372, 21, 50, 16, 16 ]
[ 9, 1428, 21, 50, -7, 16 ]
//Zoryavia
[ 38, 1372, 21, 50, 16, 16 ]
[ 37, 1428, 21, 50, -7, 16 ]
//Roncevalie
[ 65, 1372, 21, 50, 16, 16 ]
[ 64, 1428, 21, 50, -7, 16 ]
//Dobrawia
[ 93, 1372, 21, 50, 16, 16 ]
[ 92, 1428, 21, 50, -7, 16 ]
//Halezeeland
[ 121, 1372, 21, 50, 16, 16 ]
[ 120, 1428, 21, 50, -7, 16 ]
//Avalon
[ 149, 1372, 21, 50, 16, 16 ]
[ 148, 1428, 21, 50, -7, 16 ]
//Tir Earnhain
[ 177, 1372, 21, 50, 16, 16 ]
[ 176, 1428, 21, 50, -7, 16 ]
//Strathcairn
[ 205, 1372, 23, 50, 16, 16 ]
[ 204, 1428, 23, 50, -7, 16 ]
//Tartesia
[ 235, 1372, 21, 50, 16, 16 ]
[ 234, 1428, 21, 50, -7, 16 ]
//Gnomish Hierarchy
[ 263, 1372, 21, 50, 16, 16 ]
[ 262, 1428, 21, 50, -7, 16 ]
//Dunwald
[ 291, 1370), 21, 52, 16, 14 ]
[ 290, 1426, 21, 52, -7, 14 ]
//Nascenca
[ 319, 1372, 21, 50, 16, 16 ]
[ 318, 1428, 21, 50, -7, 16 ]
//Oberthal
[ 347, 1372, 21, 50, 16, 16 ]
[ 346, 1428, 21, 50, -7, 16 ]
//Kormeny
[ 375, 1372, 21, 50, 16, 16 ]
[ 374, 1428, 21, 50, -7, 16 ]
//Storalv Union
[ 403, 1372, 21, 50, 16, 16 ]
[ 402, 1428, 21, 50, -7, 16 ]
//Cucuteni
[ 431, 1372, 24, 52, 17, 16 ]
[ 430, 1428, 24, 52, -8, 16 ]
//Vardamaa
[ 461, 1372, 21, 50, 16, 16 ]
[ 460, 1428, 21, 50, -7, 16 ]
//Frame 13
//Greifen
[ 10, 1486, 21, 50, 16, 16 ]
[ 9, 1542, 21, 50, -7, 16 ]
//Zoryavia
[ 38, 1486, 21, 50, 16, 16 ]
[ 37, 1542, 21, 50, -7, 16 ]
//Roncevalie
[ 65, 1486, 21, 50, 16, 16 ]
[ 64, 1542, 21, 50, -7, 16 ]
//Dobrawia
[ 93, 1486, 21, 50, 16, 16 ]
[ 92, 1542, 21, 50, -7, 16 ]
//Halezeeland
[ 121, 1486, 21, 50, 16, 16 ]
[ 120, 1542, 21, 50, -7, 16 ]
//Avalon
[ 149, 1486, 21, 50, 16, 16 ]
[ 148, 1542, 21, 50, -7, 16 ]
//Tir Earnhain
[ 177, 1486, 21, 50, 16, 16 ]
[ 176, 1542, 21, 50, -7, 16 ]
//Strathcairn
[ 205, 1486, 23, 50, 16, 16 ]
[ 204, 1542, 23, 50, -7, 16 ]
//Tartesia
[ 235, 1486, 21, 50, 16, 16 ]
[ 234, 1542, 21, 50, -7, 16 ]
//Gnomish Hierarchy
[ 263, 1486, 21, 50, 16, 16 ]
[ 262, 1542, 21, 50, -7, 16 ]
//Dunwald
[ 291, 1484), 21, 52, 16, 14 ]
[ 290, 1540, 21, 52, -7, 14 ]
//Nascenca
[ 319, 1486, 21, 50, 16, 16 ]
[ 318, 1542, 21, 50, -7, 16 ]
//Oberthal
[ 347, 1486, 21, 50, 16, 16 ]
[ 346, 1542, 21, 50, -7, 16 ]
//Kormeny
[ 375, 1486, 21, 50, 16, 16 ]
[ 374, 1542, 21, 50, -7, 16 ]
//Storalv Union
[ 403, 1486, 21, 50, 16, 16 ]
[ 402, 1542, 21, 50, -7, 16 ]
//Cucuteni
[ 431, 1486, 24, 52, 17, 16 ]
[ 430, 1542, 24, 52, -8, 16 ]
//Vardamaa
[ 461, 1486, 21, 50, 16, 16 ]
[ 460, 1542, 21, 50, -7, 16 ]
//Frame 14
//Greifen
[ 10, 1600, 21, 50, 16, 16 ]
[ 9, 1656, 21, 50, -7, 16 ]
//Zoryavia
[ 38, 1600, 21, 50, 16, 16 ]
[ 37, 1656, 21, 50, -7, 16 ]
//Roncevalie
[ 65, 1600, 21, 50, 16, 16 ]
[ 64, 1656, 21, 50, -7, 16 ]
//Dobrawia
[ 93, 1600, 21, 50, 16, 16 ]
[ 92, 1656, 21, 50, -7, 16 ]
//Halezeeland
[ 121, 1600, 21, 50, 16, 16 ]
[ 120, 1656, 21, 50, -7, 16 ]
//Avalon
[ 149, 1600, 21, 50, 16, 16 ]
[ 148, 1656, 21, 50, -7, 16 ]
//Tir Earnhain
[ 177, 1600, 21, 50, 16, 16 ]
[ 176, 1656, 21, 50, -7, 16 ]
//Strathcairn
[ 205, 1600, 23, 50, 16, 16 ]
[ 204, 1656, 23, 50, -7, 16 ]
//Tartesia
[ 235, 1600, 21, 50, 16, 16 ]
[ 234, 1656, 21, 50, -7, 16 ]
//Gnomish Hierarchy
[ 263, 1600, 21, 50, 16, 16 ]
[ 262, 1656, 21, 50, -7, 16 ]
//Dunwald
[ 291, 1598), 21, 52, 16, 14 ]
[ 290, 1654, 21, 52, -7, 14 ]
//Nascenca
[ 319, 1600, 21, 50, 16, 16 ]
[ 318, 1656, 21, 50, -7, 16 ]
//Oberthal
[ 347, 1600, 21, 50, 16, 16 ]
[ 346, 1656, 21, 50, -7, 16 ]
//Kormeny
[ 375, 1600, 21, 50, 16, 16 ]
[ 374, 1656, 21, 50, -7, 16 ]
//Storalv Union
[ 403, 1600, 21, 50, 16, 16 ]
[ 402, 1656, 21, 50, -7, 16 ]
//Cucuteni
[ 431, 1600, 24, 52, 17, 16 ]
[ 430, 1656, 24, 52, -8, 16 ]
//Vardamaa
[ 461, 1600, 21, 50, 16, 16 ]
[ 460, 1656, 21, 50, -7, 16 ]
